Perform calculation in 3 dimension
Read Initial.dat successfully
timeElapsed for Tree_Build(): 6 ms
eigenvector unsorted = 
(0.969865, 0.206302, 0.129622)
(-0.091219, 0.800780, -0.591972)
(0.225924, -0.562309, -0.795467)
eigenvector unsorted = 
(-0.358881, 0.753505, 0.550848)
(0.933146, 0.276344, 0.229940)
(0.021038, 0.596543, -0.802305)
eigenvector unsorted = 
(0.993035, -0.100631, -0.061278)
(-0.024802, 0.329901, -0.943690)
(-0.115180, -0.938637, -0.325108)
eigenvector unsorted = 
(0.935029, 0.349236, -0.061278)
(-0.168241, 0.284860, -0.943690)
(0.312114, -0.892687, -0.325108)
eigenvector unsorted = 
(-0.118173, -0.841921, 0.526502)
(0.471265, -0.514252, -0.716557)
(0.874039, 0.163444, 0.457539)
eigenvector unsorted = 
(-0.481895, 0.689745, 0.540398)
(0.162310, 0.676325, -0.718499)
(0.861065, 0.258529, 0.437870)
eigenvector unsorted = 
(0.403114, -0.867253, -0.292183)
(0.392386, 0.452233, -0.800949)
(0.826760, 0.208225, 0.522600)
eigenvector unsorted = 
(0.681640, 0.692569, 0.236041)
(0.500211, -0.676521, 0.540470)
(-0.534000, 0.250336, 0.807574)
eigenvector unsorted = 
(-0.850858, 0.386704, -0.355669)
(-0.090681, 0.558706, 0.824393)
(0.517511, 0.733694, -0.440313)
eigenvector unsorted = 
(0.903302, -0.375341, -0.207760)
(0.199194, 0.795869, -0.571763)
(-0.379956, -0.475091, -0.793676)
eigenvector unsorted = 
(0.627952, -0.310757, -0.713517)
(-0.290350, 0.757078, -0.585260)
(0.722062, 0.574685, 0.385181)
eigenvector unsorted = 
(0.120525, -0.271536, 0.954852)
(0.711414, -0.647221, -0.273851)
(0.692361, 0.712301, 0.115168)
eigenvector unsorted = 
(0.966498, 0.256674, 0.000000)
(0.176203, -0.663488, 0.727143)
(-0.186639, 0.702782, 0.686487)
eigenvector unsorted = 
(0.873963, 0.485993, 0.000000)
(0.375112, -0.674565, 0.635810)
(-0.308999, 0.555674, 0.771846)
eigenvector unsorted = 
(0.083439, -0.907593, 0.411476)
(0.347896, -0.360405, -0.865492)
(0.933813, 0.215366, 0.285676)
eigenvector unsorted = 
(0.869550, -0.493846, 0.000000)
(-0.431250, -0.759333, -0.487274)
(-0.240638, -0.423709, 0.873249)
eigenvector unsorted = 
(0.552340, 0.110616, -0.826247)
(-0.407434, 0.900529, -0.151806)
(0.727267, 0.420490, 0.542467)
eigenvector unsorted = 
(0.907194, 0.420712, 0.000000)
(0.177444, -0.382629, -0.906702)
(0.381460, -0.822555, 0.421772)
eigenvector unsorted = 
(-0.688657, -0.317056, 0.652095)
(0.350661, -0.932798, -0.083215)
(0.634657, 0.171357, 0.753557)
eigenvector unsorted = 
(-0.142007, -0.973722, -0.178042)
(-0.691623, 0.226280, -0.685897)
(0.708161, 0.025735, -0.705582)
eigenvector unsorted = 
(0.771711, -0.635974, 0.000000)
(-0.547357, -0.664180, -0.509181)
(-0.323825, -0.392940, 0.860660)
eigenvector unsorted = 
(0.771711, -0.635974, 0.000000)
(-0.547357, -0.664180, -0.509181)
(-0.323825, -0.392940, 0.860660)
eigenvector unsorted = 
(0.683236, 0.149951, 0.714635)
(0.730193, -0.143691, -0.667960)
(0.002525, 0.978196, -0.207668)
eigenvector unsorted = 
(0.997699, 0.057437, -0.036019)
(0.003625, -0.575706, -0.817649)
(0.067700, -0.815637, 0.574589)
eigenvector unsorted = 
(-0.615532, 0.620137, 0.486364)
(0.383164, -0.303805, 0.872289)
(0.688699, 0.723279, -0.050612)
eigenvector unsorted = 
(0.772363, -0.502698, -0.388265)
(-0.081806, -0.684902, 0.724028)
(0.629892, 0.527450, 0.570117)
eigenvector unsorted = 
(-0.044499, 0.150999, -0.987532)
(-0.191046, 0.968981, 0.156771)
(0.980572, 0.195640, -0.014271)
eigenvector unsorted = 
(-0.821581, -0.417265, 0.388452)
(0.402272, -0.907137, -0.123613)
(0.403958, 0.054705, 0.913140)
eigenvector unsorted = 
(0.831735, -0.555173, 0.000000)
(-0.099251, -0.148694, -0.983890)
(-0.546229, -0.818336, 0.178775)
eigenvector unsorted = 
(0.855568, 0.040630, -0.516093)
(-0.507099, 0.266396, -0.819685)
(0.104182, 0.963007, 0.248524)
eigenvector unsorted = 
(0.919795, 0.392399, 0.000000)
(0.309436, -0.725329, 0.614937)
(-0.241300, 0.565616, 0.788576)
eigenvector unsorted = 
(0.081371, 0.393455, -0.915736)
(-0.776447, 0.601089, 0.189270)
(0.624908, 0.695619, 0.354408)
eigenvector unsorted = 
(0.790240, -0.612797, 0.000000)
(-0.597382, -0.770361, 0.222885)
(0.136583, 0.176133, 0.974845)
eigenvector unsorted = 
(-0.722381, -0.057395, 0.689109)
(0.551148, -0.649634, 0.523652)
(0.417613, 0.758078, 0.500916)
eigenvector unsorted = 
(0.110828, -0.492876, 0.863013)
(0.991600, -0.003418, -0.129294)
(0.066676, 0.870093, 0.488357)
eigenvector unsorted = 
(0.956669, 0.291176, 0.000000)
(0.198051, -0.650702, 0.733051)
(-0.213447, 0.701287, 0.680174)
eigenvector unsorted = 
(0.909380, -0.108556, 0.401552)
(0.047253, -0.932138, -0.359007)
(0.413274, 0.345448, -0.842538)
eigenvector unsorted = 
(0.882752, 0.429526, 0.190409)
(0.030407, 0.352185, -0.935436)
(0.468854, -0.831548, -0.297832)
eigenvector unsorted = 
(0.999099, -0.042437, 0.000000)
(-0.038700, -0.911118, 0.410325)
(0.017413, 0.409955, 0.911939)
eigenvector unsorted = 
(-0.067530, -0.096164, -0.993072)
(-0.800144, 0.599797, -0.003671)
(0.595994, 0.794353, -0.117449)
eigenvector unsorted = 
(0.729251, 0.684246, 0.000000)
(0.286418, -0.305256, 0.908176)
(-0.621416, 0.662289, 0.418589)
eigenvector unsorted = 
(0.460078, -0.347841, 0.816906)
(0.137520, -0.881045, -0.452602)
(0.877164, 0.320573, -0.357514)
eigenvector unsorted = 
(0.978981, -0.203951, 0.000000)
(-0.203379, -0.976234, 0.074855)
(0.015267, 0.073281, 0.997194)
eigenvector unsorted = 
(0.978981, -0.203951, 0.000000)
(-0.203379, -0.976234, 0.074855)
(0.015267, 0.073281, 0.997194)
eigenvector unsorted = 
(0.978981, -0.203951, 0.000000)
(-0.203379, -0.976234, 0.074855)
(0.015267, 0.073281, 0.997194)
eigenvector unsorted = 
(-0.983587, 0.002808, -0.180410)
(-0.179708, 0.074271, 0.980912)
(0.016154, 0.997234, -0.072547)
eigenvector unsorted = 
(-0.983587, 0.002808, -0.180410)
(-0.179708, 0.074271, 0.980912)
(0.016154, 0.997234, -0.072547)
eigenvector unsorted = 
(0.724963, 0.688788, 0.000000)
(0.637179, -0.670644, -0.379788)
(0.261593, -0.275332, 0.925074)
eigenvector unsorted = 
(0.459009, -0.288792, 0.840184)
(0.595163, -0.602176, -0.532132)
(0.659615, 0.744300, -0.104526)
eigenvector unsorted = 
(-0.788068, 0.000000, -0.615589)
(0.290732, 0.881447, -0.372191)
(-0.542609, 0.472283, 0.694640)
eigenvector unsorted = 
(-0.981798, 0.187282, 0.031586)
(-0.095989, -0.632795, 0.768346)
(0.163885, 0.751329, 0.639254)
eigenvector unsorted = 
(0.913895, -0.405950, 0.000000)
(-0.400554, -0.901747, -0.162508)
(-0.065970, -0.148515, 0.986707)
eigenvector unsorted = 
(-0.909095, 0.387811, -0.152146)
(0.259905, 0.813419, 0.520383)
(0.325568, 0.433534, -0.840270)
eigenvector unsorted = 
(0.776652, 0.629930, 0.000000)
(0.625989, -0.771794, 0.111671)
(-0.070345, 0.086730, 0.993745)
eigenvector unsorted = 
(0.938098, 0.280502, 0.203201)
(0.076830, -0.740559, 0.667585)
(-0.337741, 0.610648, 0.716268)
eigenvector unsorted = 
(0.191810, 0.536493, 0.821818)
(0.230186, -0.838601, 0.493724)
(0.954056, 0.094469, -0.284345)
eigenvector unsorted = 
(0.069194, -0.515290, -0.854218)
(-0.752378, 0.535325, -0.383869)
(0.655088, 0.669256, -0.350651)
eigenvector unsorted = 
(0.752426, 0.658677, 0.000000)
(0.587648, -0.671288, 0.451710)
(-0.297531, 0.339878, 0.892165)
eigenvector unsorted = 
(0.829443, -0.518556, -0.207663)
(-0.131300, 0.180354, -0.974799)
(0.542941, 0.835806, 0.081506)
eigenvector unsorted = 
(0.703280, -0.214126, -0.677899)
(-0.323336, 0.752884, -0.573253)
(0.633128, 0.622347, 0.460254)
eigenvector unsorted = 
(0.897329, -0.441362, 0.000000)
(-0.037513, -0.076267, -0.996382)
(-0.439765, -0.894082, 0.084993)
eigenvector unsorted = 
(0.705006, 0.308669, -0.638506)
(-0.662133, 0.609001, -0.436689)
(0.254058, 0.730645, 0.633729)
eigenvector unsorted = 
(0.878308, -0.478095, 0.000000)
(-0.443709, -0.815139, 0.372385)
(0.178035, 0.327069, 0.928078)
eigenvector unsorted = 
(0.409196, 0.337606, 0.847691)
(0.234840, -0.936701, 0.259694)
(0.881708, 0.092806, -0.462578)
eigenvector unsorted = 
(0.999942, -0.007742, -0.007544)
(-0.001288, 0.607570, -0.794265)
(-0.010733, -0.794229, -0.607524)
eigenvector unsorted = 
(0.980992, -0.194050, 0.000000)
(-0.158999, -0.803796, -0.573264)
(-0.111242, -0.562367, 0.819371)
eigenvector unsorted = 
(-0.375961, -0.588041, 0.716143)
(0.913784, -0.363544, 0.181204)
(0.153794, 0.722526, 0.674021)
eigenvector unsorted = 
(0.810440, -0.565549, -0.152781)
(-0.196557, -0.508190, 0.838515)
(0.551863, 0.649536, 0.523020)
eigenvector unsorted = 
(-0.560503, 0.807236, 0.184949)
(0.796710, 0.464650, 0.386462)
(0.226030, 0.363964, -0.903571)
eigenvector unsorted = 
(0.893336, -0.429957, 0.130722)
(-0.028578, 0.235945, 0.971346)
(0.448480, 0.871474, -0.198490)
eigenvector unsorted = 
(0.291413, -0.829433, -0.476571)
(-0.828786, 0.029868, -0.558768)
(0.477695, 0.557808, -0.678718)
eigenvector unsorted = 
(-0.593692, 0.801296, 0.073855)
(0.794544, 0.569200, 0.211451)
(0.127397, 0.184218, -0.974594)
eigenvector unsorted = 
(0.796150, -0.404106, 0.450381)
(0.593008, 0.669119, -0.447907)
(0.120357, -0.623681, -0.772358)
eigenvector unsorted = 
(0.622021, 0.080143, 0.778888)
(0.708591, -0.480861, -0.516403)
(0.333151, 0.873127, -0.355894)
eigenvector unsorted = 
(0.846369, -0.490486, -0.207566)
(0.236000, -0.003992, 0.971745)
(0.477456, 0.871440, -0.112375)
eigenvector unsorted = 
(0.941343, 0.092728, 0.324461)
(0.103156, -0.994551, -0.015048)
(0.321298, 0.047635, -0.945779)
eigenvector unsorted = 
(0.858250, -0.320623, 0.400759)
(-0.206202, -0.930473, -0.302822)
(0.469987, 0.177260, -0.864691)
eigenvector unsorted = 
(-0.408319, 0.857607, 0.312708)
(0.875576, 0.271075, 0.399857)
(0.258153, 0.437069, -0.861585)
eigenvector unsorted = 
(0.818629, -0.574323, 0.000000)
(-0.378924, -0.540110, -0.751464)
(-0.431583, -0.615170, 0.659775)
eigenvector unsorted = 
(0.501752, -0.721348, -0.477391)
(0.187271, 0.629387, -0.754189)
(0.844497, 0.289014, 0.450883)
eigenvector unsorted = 
(0.778637, 0.627475, 0.000000)
(0.435105, -0.539925, -0.720531)
(0.452115, -0.561032, 0.693423)
eigenvector unsorted = 
(0.918710, 0.305933, -0.249752)
(-0.392551, 0.638061, -0.662406)
(0.043295, -0.706600, -0.706288)
eigenvector unsorted = 
(-0.001514, -0.331592, 0.943422)
(0.544409, -0.791635, -0.277368)
(0.838819, 0.513187, 0.181720)
eigenvector unsorted = 
(0.774573, -0.632484, 0.000000)
(-0.632482, -0.774571, -0.002426)
(-0.001535, -0.001879, 0.999997)
eigenvector unsorted = 
(0.430199, 0.752172, 0.499166)
(0.730856, -0.614770, 0.296493)
(0.529886, 0.237267, -0.814202)
eigenvector unsorted = 
(0.977000, 0.177013, -0.118899)
(-0.014823, -0.499862, -0.865978)
(0.212722, -0.847823, 0.485742)
eigenvector unsorted = 
(0.876808, -0.480841, 0.000000)
(-0.476935, -0.869683, -0.127217)
(-0.061171, -0.111545, 0.991875)
eigenvector unsorted = 
(0.342911, -0.929059, 0.138784)
(0.888714, 0.272999, -0.368320)
(0.304303, 0.249640, 0.919282)
eigenvector unsorted = 
(0.999132, 0.041650, 0.000000)
(0.040456, -0.970487, 0.237737)
(-0.009902, 0.237531, 0.971330)
eigenvector unsorted = 
(0.635777, -0.452710, 0.625172)
(0.760388, 0.228144, -0.608079)
(0.132654, 0.861977, 0.489284)
eigenvector unsorted = 
(-0.033598, -0.015638, 0.999313)
(0.860601, -0.508848, 0.020972)
(0.508171, 0.860714, 0.030555)
eigenvector unsorted = 
(-0.463811, 0.650800, 0.601115)
(0.885906, 0.335232, 0.320610)
(0.007140, 0.681233, -0.732031)
eigenvector unsorted = 
(-0.007677, 0.607394, 0.794364)
(0.885177, -0.365425, 0.287969)
(0.465191, 0.705363, -0.534845)
eigenvector unsorted = 
(0.974967, 0.222351, 0.000000)
(0.127000, -0.556869, -0.820834)
(0.182513, -0.800286, 0.571167)
eigenvector unsorted = 
(0.974967, 0.222351, 0.000000)
(0.127000, -0.556869, -0.820834)
(0.182513, -0.800286, 0.571167)
eigenvector unsorted = 
(0.974967, 0.222351, 0.000000)
(0.127000, -0.556869, -0.820834)
(0.182513, -0.800286, 0.571167)
eigenvector unsorted = 
(0.807679, -0.589623, 0.000000)
(-0.589267, -0.807191, -0.034751)
(-0.020490, -0.028068, 0.999396)
eigenvector unsorted = 
(-0.664169, 0.634821, -0.394819)
(-0.486020, 0.034627, 0.873262)
(0.568036, 0.771883, 0.285537)
eigenvector unsorted = 
(0.998981, 0.045138, 0.000000)
(0.045055, -0.997152, 0.060478)
(-0.002730, 0.060417, 0.998170)
eigenvector unsorted = 
(-0.596233, 0.610730, -0.521072)
(-0.611271, 0.075405, 0.787821)
(0.520437, 0.788241, 0.328363)
eigenvector unsorted = 
(0.733391, -0.065151, 0.676678)
(-0.402098, 0.761028, 0.509071)
(0.548138, 0.645439, -0.531934)
eigenvector unsorted = 
(0.177935, -0.978454, -0.104720)
(-0.785587, -0.077156, -0.613922)
(0.592615, 0.191505, -0.782389)
eigenvector unsorted = 
(0.785908, 0.618343, 0.000000)
(0.179135, -0.227679, -0.957117)
(0.591827, -0.752206, 0.289701)
eigenvector unsorted = 
(0.930831, 0.258189, 0.258634)
(0.359854, -0.770927, -0.525525)
(-0.063703, -0.582245, 0.810514)
eigenvector unsorted = 
(-0.543406, -0.171837, -0.821695)
(-0.376845, 0.924590, 0.055861)
(0.750132, 0.340007, -0.567184)
eigenvector unsorted = 
(0.984088, -0.154875, -0.087092)
(-0.113427, -0.170282, -0.978845)
(-0.136769, -0.973148, 0.185140)
eigenvector unsorted = 
(0.676046, -0.662841, -0.321876)
(-0.686974, -0.408971, -0.600675)
(0.266514, 0.627204, -0.731837)
eigenvector unsorted = 
(0.787832, 0.615891, 0.000000)
(0.416012, -0.532152, 0.737393)
(-0.454154, 0.580942, 0.675464)
eigenvector unsorted = 
(0.804034, 0.445344, -0.393952)
(-0.556941, 0.796098, -0.236736)
(-0.208196, -0.409752, -0.888120)
eigenvector unsorted = 
(-0.565941, -0.376824, -0.733291)
(-0.486738, 0.870598, -0.071727)
(0.665430, 0.316327, -0.676121)
eigenvector unsorted = 
(0.834539, -0.550950, 0.000000)
(-0.484104, -0.733285, 0.477427)
(0.263038, 0.398431, 0.878672)
eigenvector unsorted = 
(0.834539, -0.550950, 0.000000)
(-0.484104, -0.733285, 0.477427)
(0.263038, 0.398431, 0.878672)
eigenvector unsorted = 
(-0.680973, 0.729175, 0.067667)
(-0.706773, -0.678604, 0.199919)
(0.191695, 0.088315, 0.977473)
eigenvector unsorted = 
(0.983510, -0.180852, 0.000000)
(-0.158591, -0.862453, -0.480650)
(-0.086926, -0.472724, 0.876913)
eigenvector unsorted = 
(0.139743, 0.191779, 0.971438)
(0.743628, -0.668129, 0.024928)
(0.653827, 0.718905, -0.235979)
eigenvector unsorted = 
(0.753557, -0.525009, 0.395624)
(-0.550510, -0.832899, -0.056718)
(-0.359292, 0.175055, 0.916660)
eigenvector unsorted = 
(0.941444, 0.337170, 0.000000)
(0.224054, -0.625603, 0.747275)
(-0.251958, 0.703518, 0.664515)
eigenvector unsorted = 
(-0.592578, 0.804591, -0.038520)
(-0.355941, -0.218651, 0.908569)
(0.722604, 0.552109, 0.415955)
eigenvector unsorted = 
(0.988010, 0.154388, 0.000000)
(0.136650, -0.874494, -0.465390)
(0.071851, -0.459810, 0.885106)
eigenvector unsorted = 
(0.898022, 0.439950, 0.000000)
(0.439697, -0.897507, 0.033884)
(-0.014907, 0.030429, 0.999426)
eigenvector unsorted = 
(-0.363849, 0.895222, -0.257279)
(-0.508307, 0.040626, 0.860217)
(0.780537, 0.443766, 0.440265)
eigenvector unsorted = 
(0.747663, -0.664079, 0.000000)
(-0.390335, -0.439465, -0.809017)
(-0.537251, -0.604872, 0.587785)
eigenvector unsorted = 
(0.902259, 0.431195, 0.000000)
(0.147211, -0.308034, -0.939917)
(0.405288, -0.848048, 0.341403)
eigenvector unsorted = 
(-0.407095, 0.912859, -0.030998)
(0.756159, 0.355862, 0.549169)
(0.512345, 0.200125, -0.835137)
eigenvector unsorted = 
(-0.381392, 0.887531, 0.258512)
(-0.240735, -0.365360, 0.899199)
(0.892517, 0.280714, 0.353006)
eigenvector unsorted = 
(-0.624636, 0.753172, 0.206303)
(-0.143507, -0.370392, 0.917723)
(0.767617, 0.543637, 0.339445)
eigenvector unsorted = 
(0.298427, -0.687659, -0.661866)
(-0.599354, 0.404659, -0.690670)
(0.742776, 0.602807, -0.291390)
eigenvector unsorted = 
(0.117134, 0.313543, -0.942322)
(-0.892196, 0.449977, 0.038819)
(0.436195, 0.836189, 0.332449)
eigenvector unsorted = 
(0.925923, -0.377713, 0.000000)
(-0.359783, -0.881969, 0.304445)
(0.114993, 0.281893, 0.952530)
eigenvector unsorted = 
(0.350992, -0.930194, -0.107442)
(0.513403, 0.287130, -0.808686)
(0.783085, 0.228681, 0.578345)
eigenvector unsorted = 
(0.991268, -0.131863, 0.000000)
(-0.037034, -0.278398, -0.959752)
(-0.126556, -0.951371, 0.280850)
eigenvector unsorted = 
(0.158135, 0.844444, 0.511769)
(0.803815, -0.411105, 0.429969)
(0.573476, 0.343375, -0.743787)
eigenvector unsorted = 
(0.995016, -0.099711, 0.000000)
(-0.099188, -0.989797, 0.102296)
(0.010200, 0.101786, 0.994754)
eigenvector unsorted = 
(0.649160, -0.062693, 0.758064)
(0.431567, -0.790309, -0.434927)
(0.626372, 0.609493, -0.485981)
eigenvector unsorted = 
(-0.663401, 0.634930, 0.395933)
(-0.644146, -0.215340, -0.733965)
(0.380756, 0.741951, -0.551845)
eigenvector unsorted = 
(-0.220759, 0.780298, -0.585149)
(-0.953981, -0.047914, 0.296014)
(0.202942, 0.623569, 0.754967)
eigenvector unsorted = 
(-0.780030, 0.260700, -0.568849)
(-0.419568, 0.456541, 0.784559)
(0.464238, 0.850650, -0.246734)
eigenvector unsorted = 
(0.729892, 0.683562, 0.000000)
(0.590765, -0.630806, 0.503070)
(-0.343880, 0.367187, 0.864246)
eigenvector unsorted = 
(0.952583, -0.304278, 0.000000)
(-0.036901, -0.115524, -0.992619)
(-0.302032, -0.945552, 0.121274)
eigenvector unsorted = 
(0.037293, -0.994315, 0.099737)
(0.199300, -0.090401, -0.975760)
(0.979229, 0.056267, 0.194796)
eigenvector unsorted = 
(0.294346, 0.908182, -0.297601)
(-0.864270, 0.385864, 0.322717)
(0.407919, 0.162217, 0.898492)
eigenvector unsorted = 
(0.643753, -0.062485, 0.762678)
(0.757534, -0.088986, -0.646702)
(0.108277, 0.994071, -0.009951)
eigenvector unsorted = 
(0.236347, -0.150362, 0.959964)
(0.211257, -0.956369, -0.201812)
(0.948425, 0.250497, -0.194270)
eigenvector unsorted = 
(-0.631322, 0.775339, -0.016811)
(0.398965, 0.343294, 0.850280)
(0.665026, 0.530093, -0.526062)
eigenvector unsorted = 
(0.861654, -0.507497, 0.000000)
(-0.240448, -0.408245, -0.880637)
(-0.446920, -0.758804, 0.473792)
eigenvector unsorted = 
(0.757728, -0.652570, 0.000000)
(-0.329400, -0.382481, 0.863252)
(0.563332, 0.654111, 0.504773)
eigenvector unsorted = 
(0.950578, -0.224318, -0.214669)
(-0.281249, -0.329207, -0.901400)
(0.131529, 0.917226, -0.376026)
eigenvector unsorted = 
(-0.484564, 0.610205, 0.626776)
(0.734462, -0.105387, 0.670417)
(0.475146, 0.785203, -0.397105)
eigenvector unsorted = 
(0.279336, -0.951808, -0.126619)
(0.045163, 0.144747, -0.988438)
(0.959131, 0.270388, 0.083420)
eigenvector unsorted = 
(0.936425, 0.350867, 0.000000)
(0.242810, -0.648035, 0.721869)
(-0.253280, 0.675976, 0.692030)
eigenvector unsorted = 
(0.609487, -0.788580, -0.081645)
(-0.709255, -0.496348, -0.500596)
(0.354236, 0.363015, -0.861822)
eigenvector unsorted = 
(0.752452, -0.658647, 0.000000)
(-0.650318, -0.742936, -0.158530)
(-0.104415, -0.119286, 0.987354)
eigenvector unsorted = 
(0.752452, -0.658647, 0.000000)
(-0.650318, -0.742936, -0.158530)
(-0.104415, -0.119286, 0.987354)
eigenvector unsorted = 
(0.052132, -0.717822, 0.694272)
(0.994228, -0.027974, -0.103578)
(0.093773, 0.695665, 0.712220)
eigenvector unsorted = 
(-0.518904, 0.805941, -0.284952)
(0.615373, 0.583556, 0.529886)
(0.593342, 0.099608, -0.798764)
eigenvector unsorted = 
(0.798094, 0.602533, 0.000000)
(0.594034, -0.786836, -0.167368)
(0.100844, -0.133575, 0.985895)
eigenvector unsorted = 
(-0.773107, 0.383488, 0.505216)
(0.387870, -0.344396, 0.854955)
(0.501859, 0.856930, 0.117512)
eigenvector unsorted = 
(0.806142, -0.591722, 0.000000)
(-0.111997, -0.152580, 0.981925)
(0.581026, 0.791571, 0.189272)
eigenvector unsorted = 
(0.806142, -0.591722, 0.000000)
(-0.111997, -0.152580, 0.981925)
(0.581026, 0.791571, 0.189272)
eigenvector unsorted = 
(0.806142, -0.591722, 0.000000)
(-0.111997, -0.152580, 0.981925)
(0.581026, 0.791571, 0.189272)
eigenvector unsorted = 
(0.367990, 0.569655, 0.734899)
(0.810355, -0.584055, 0.046956)
(0.455970, 0.578249, -0.676549)
eigenvector unsorted = 
(0.919704, -0.392614, 0.000000)
(-0.356756, -0.835705, -0.417519)
(-0.163924, -0.383994, 0.908668)
eigenvector unsorted = 
(0.041145, 0.823262, 0.566168)
(0.812364, -0.357461, 0.460745)
(0.581697, 0.440977, -0.683496)
eigenvector unsorted = 
(-0.755466, 0.549859, -0.356267)
(-0.644424, -0.525437, 0.555549)
(0.118278, 0.649285, 0.751292)
eigenvector unsorted = 
(0.992260, 0.100146, -0.073419)
(-0.017335, -0.473750, -0.880489)
(0.122960, -0.874947, 0.468347)
eigenvector unsorted = 
(0.992391, 0.123125, 0.000000)
(0.122648, -0.988543, 0.087983)
(-0.010833, 0.087313, 0.996122)
eigenvector unsorted = 
(0.735958, -0.673860, 0.065414)
(0.608540, 0.616069, -0.500139)
(0.296724, 0.407888, 0.863471)
eigenvector unsorted = 
(0.918864, 0.394573, 0.000000)
(0.136710, -0.318364, -0.938059)
(0.370133, -0.861949, 0.346475)
eigenvector unsorted = 
(-0.091423, 0.356494, -0.929814)
(-0.771952, 0.564479, 0.292325)
(0.629073, 0.744497, 0.223590)
eigenvector unsorted = 
(-0.577401, -0.449524, -0.681569)
(-0.458975, 0.869105, -0.184386)
(0.675241, 0.206359, -0.708142)
eigenvector unsorted = 
(0.775753, 0.631036, 0.000000)
(0.350697, -0.431124, 0.831350)
(-0.524612, 0.644923, 0.555749)
eigenvector unsorted = 
(0.775978, -0.630760, 0.000000)
(-0.124199, -0.152792, -0.980423)
(-0.618412, -0.760786, 0.196903)
eigenvector unsorted = 
(0.366920, -0.847185, 0.384248)
(0.831435, 0.113395, -0.543927)
(0.417235, 0.519055, 0.745987)
eigenvector unsorted = 
(0.636540, -0.633498, 0.439883)
(0.626743, 0.092507, -0.773715)
(-0.449455, -0.768194, -0.455925)
eigenvector unsorted = 
(0.898055, 0.439883, 0.000000)
(0.378979, -0.773715, -0.507680)
(0.223320, -0.455925, 0.861545)
eigenvector unsorted = 
(0.898055, 0.439883, 0.000000)
(0.378979, -0.773715, -0.507680)
(0.223320, -0.455925, 0.861545)
eigenvector unsorted = 
(0.898055, 0.439883, 0.000000)
(0.378979, -0.773715, -0.507680)
(0.223320, -0.455925, 0.861545)
eigenvector unsorted = 
(0.797278, -0.030561, -0.602838)
(-0.579112, 0.242923, -0.778215)
(0.170226, 0.969564, 0.175979)
eigenvector unsorted = 
(0.881242, -0.472665, 0.000000)
(-0.460173, -0.857952, 0.228384)
(0.107949, 0.201262, 0.973571)
eigenvector unsorted = 
(-0.693209, 0.437890, -0.572462)
(-0.715824, -0.325723, 0.617657)
(0.084002, 0.837948, 0.539246)
eigenvector unsorted = 
(0.948442, -0.316951, 0.000000)
(-0.278232, -0.832580, 0.478955)
(0.151805, 0.454261, 0.877839)
eigenvector unsorted = 
(-0.675517, -0.622758, 0.394776)
(0.668240, -0.743372, -0.029214)
(0.311659, 0.244071, 0.918313)
eigenvector unsorted = 
(0.959058, -0.283209, 0.000000)
(-0.212755, -0.720473, -0.660041)
(-0.186930, -0.633018, 0.751230)
eigenvector unsorted = 
(-0.423235, 0.595313, -0.682989)
(-0.579912, 0.401189, 0.709048)
(0.696113, 0.696168, 0.175432)
eigenvector unsorted = 
(0.984454, 0.171129, 0.039553)
(0.153122, -0.725880, -0.670561)
(0.086041, -0.666193, 0.740799)
eigenvector unsorted = 
(-0.497317, -0.388563, -0.775690)
(-0.636337, 0.771106, 0.021707)
(0.589704, 0.504396, -0.630741)
eigenvector unsorted = 
(-0.985844, -0.032325, -0.164517)
(-0.159422, 0.484567, 0.860104)
(0.051917, 0.874156, -0.482861)
eigenvector unsorted = 
(-0.195748, 0.083067, -0.977130)
(-0.549985, 0.815653, 0.179518)
(0.811911, 0.572547, -0.113977)
eigenvector unsorted = 
(0.990996, -0.133888, 0.000000)
(-0.096652, -0.715382, -0.692017)
(-0.092653, -0.685786, 0.721881)
eigenvector unsorted = 
(0.990996, -0.133888, 0.000000)
(-0.096652, -0.715382, -0.692017)
(-0.092653, -0.685786, 0.721881)
eigenvector unsorted = 
(-0.568886, 0.810978, 0.136686)
(0.705544, 0.395855, 0.587799)
(0.422584, 0.430828, -0.797377)
eigenvector unsorted = 
(0.997035, -0.005972, 0.076717)
(0.056001, 0.740063, -0.670202)
(0.052773, -0.672511, -0.738203)
eigenvector unsorted = 
(0.212621, 0.971247, 0.107106)
(0.945598, -0.232142, 0.227936)
(0.246246, 0.052816, -0.967767)
eigenvector unsorted = 
(0.817466, 0.520296, -0.247065)
(0.072924, -0.518991, -0.851663)
(0.571342, -0.678189, 0.462200)
eigenvector unsorted = 
(0.272498, -0.022931, 0.961883)
(0.146650, -0.987045, -0.065077)
(0.950915, 0.158794, -0.265605)
eigenvector unsorted = 
(0.810662, -0.585515, 0.000000)
(-0.415805, -0.575693, -0.704049)
(-0.412231, -0.570745, 0.710152)
eigenvector unsorted = 
(0.810662, -0.585515, 0.000000)
(-0.415805, -0.575693, -0.704049)
(-0.412231, -0.570745, 0.710152)
eigenvector unsorted = 
(0.810662, -0.585515, 0.000000)
(-0.415805, -0.575693, -0.704049)
(-0.412231, -0.570745, 0.710152)
eigenvector unsorted = 
(-0.872704, 0.429333, 0.232512)
(-0.266002, -0.817417, 0.510952)
(0.409428, 0.384061, 0.827567)
eigenvector unsorted = 
(-0.584519, 0.802388, -0.120462)
(-0.798869, -0.543158, 0.258433)
(0.141933, 0.247293, 0.958489)
eigenvector unsorted = 
(0.950745, 0.309974, 0.000000)
(0.035255, -0.108135, 0.993511)
(-0.307963, 0.944576, 0.113737)
eigenvector unsorted = 
(-0.986098, 0.148691, 0.074180)
(-0.111685, -0.923616, 0.366687)
(0.123037, 0.353304, 0.927382)
eigenvector unsorted = 
(-0.661480, -0.387730, -0.641958)
(-0.623504, 0.759994, 0.183443)
(0.416758, 0.521607, -0.744472)
eigenvector unsorted = 
(0.663905, 0.597358, -0.449882)
(0.378714, -0.787317, -0.486526)
(0.644830, -0.152630, 0.748931)
eigenvector unsorted = 
(0.915181, 0.403044, 0.000000)
(0.392374, -0.890953, 0.228572)
(-0.092125, 0.209184, 0.973527)
eigenvector unsorted = 
(0.242376, 0.886228, -0.394785)
(-0.720205, 0.437000, 0.538828)
(0.650045, 0.153727, 0.744184)
eigenvector unsorted = 
(0.751836, 0.659351, 0.000000)
(0.638306, -0.727839, -0.250630)
(0.165253, -0.188432, 0.968083)
eigenvector unsorted = 
(0.143095, -0.052041, -0.988340)
(-0.651956, 0.746378, -0.133692)
(0.744633, 0.663484, 0.072874)
eigenvector unsorted = 
(0.717432, 0.696628, 0.000000)
(0.326612, -0.336365, -0.883280)
(0.615318, -0.633693, 0.468846)
eigenvector unsorted = 
(0.894947, -0.446172, 0.000000)
(-0.379092, -0.760397, -0.527338)
(-0.235283, -0.471940, 0.849655)
eigenvector unsorted = 
(0.769614, 0.617831, 0.161181)
(0.628585, -0.777448, -0.021322)
(0.112136, 0.117726, -0.986695)
eigenvector unsorted = 
(-0.155343, 0.805933, -0.571262)
(-0.954760, 0.025954, 0.296243)
(0.253578, 0.591437, 0.765441)
eigenvector unsorted = 
(0.741305, -0.671169, 0.000000)
(-0.575792, -0.635961, 0.513826)
(0.344864, 0.380901, 0.857895)
eigenvector unsorted = 
(0.741305, -0.671169, 0.000000)
(-0.575792, -0.635961, 0.513826)
(0.344864, 0.380901, 0.857895)
eigenvector unsorted = 
(0.741305, -0.671169, 0.000000)
(-0.575792, -0.635961, 0.513826)
(0.344864, 0.380901, 0.857895)
eigenvector unsorted = 
(-0.330698, -0.436544, -0.836701)
(-0.826684, 0.561657, 0.033696)
(0.455229, 0.702830, -0.546623)
eigenvector unsorted = 
(0.887503, -0.251437, 0.386159)
(0.460769, 0.474044, -0.750316)
(0.005601, 0.843838, 0.536569)
eigenvector unsorted = 
(0.771686, -0.622066, -0.132416)
(0.467605, 0.696052, -0.544846)
(-0.431099, -0.358532, -0.828015)
eigenvector unsorted = 
(0.794046, -0.543365, -0.272481)
(-0.604492, -0.658763, -0.447906)
(0.063877, 0.520371, -0.851548)
eigenvector unsorted = 
(-0.268822, -0.041163, 0.962310)
(0.635004, -0.758792, 0.144932)
(0.724227, 0.650031, 0.230118)
eigenvector unsorted = 
(0.936938, -0.349496, 0.000000)
(-0.326515, -0.875330, -0.356631)
(-0.124641, -0.334141, 0.934245)
eigenvector unsorted = 
(0.656883, -0.752902, -0.040532)
(0.539010, 0.506499, -0.672999)
(0.527232, 0.420235, 0.738532)
eigenvector unsorted = 
(0.987763, -0.011640, 0.155526)
(0.017623, 0.999154, -0.037151)
(0.154962, -0.039437, -0.987133)
eigenvector unsorted = 
(0.998991, -0.044917, 0.000000)
(-0.001183, -0.026303, -0.999653)
(-0.044901, -0.998644, 0.026329)
eigenvector unsorted = 
(-0.237093, -0.175588, 0.955487)
(0.668395, -0.743230, 0.029272)
(0.705007, 0.645583, 0.293577)
eigenvector unsorted = 
(0.048355, -0.496953, 0.866429)
(0.020713, -0.866758, -0.498298)
(0.998615, 0.042042, -0.031619)
eigenvector unsorted = 
(-0.483946, 0.176184, -0.857178)
(-0.062832, 0.970000, 0.234847)
(0.872839, 0.167511, -0.458358)
eigenvector unsorted = 
(-0.616547, -0.594257, -0.516457)
(-0.486791, 0.803288, -0.343165)
(0.618792, 0.039829, -0.784544)
eigenvector unsorted = 
(0.996803, -0.062617, -0.049623)
(-0.071041, -0.978843, -0.191882)
(0.036558, -0.194794, 0.980163)
eigenvector unsorted = 
(-0.680613, 0.659941, -0.318187)
(-0.684824, -0.418729, 0.596390)
(0.260348, 0.623813, 0.736937)
eigenvector unsorted = 
(-0.701026, 0.672992, -0.235892)
(0.697502, 0.578177, -0.423323)
(0.148506, 0.461296, 0.874730)
eigenvector unsorted = 
(-0.860900, 0.469642, -0.195674)
(0.417692, 0.872007, 0.255219)
(0.290490, 0.137987, -0.946876)
eigenvector unsorted = 
(0.722720, -0.680129, 0.122886)
(-0.645668, -0.600984, 0.471095)
(0.246553, 0.419813, 0.873481)
eigenvector unsorted = 
(-0.819059, 0.421142, 0.389592)
(-0.566219, -0.702775, -0.430701)
(-0.092409, 0.573364, -0.814073)
eigenvector unsorted = 
(0.987525, -0.157462, 0.000000)
(-0.130619, -0.819176, 0.558470)
(0.087938, 0.551503, 0.829525)
eigenvector unsorted = 
(0.749905, -0.661545, 0.000000)
(-0.166950, -0.189249, -0.967633)
(-0.640132, -0.725633, 0.252363)
eigenvector unsorted = 
(0.943921, 0.330170, 0.000000)
(0.228142, -0.652233, 0.722872)
(-0.238671, 0.682334, 0.690982)
eigenvector unsorted = 
(0.943921, 0.293173, 0.151861)
(0.228142, -0.911631, 0.341878)
(-0.238671, 0.288061, 0.927393)
eigenvector unsorted = 
(0.436850, 0.211104, 0.874412)
(0.641039, -0.755004, -0.137982)
(0.631056, 0.620810, -0.465149)
eigenvector unsorted = 
(0.657135, 0.599872, 0.456430)
(0.646578, -0.137351, -0.750381)
(0.387441, -0.788219, 0.478122)
eigenvector unsorted = 
(0.797676, 0.603086, 0.000000)
(0.374686, -0.495581, -0.783588)
(0.472571, -0.625049, 0.621281)
eigenvector unsorted = 
(0.797676, 0.527676, 0.292012)
(0.374686, -0.054203, -0.925566)
(0.472571, -0.847715, 0.240949)
eigenvector unsorted = 
(0.554416, -0.681686, 0.477418)
(0.418176, -0.267797, -0.867994)
(0.719550, 0.680874, 0.136594)
eigenvector unsorted = 
(-0.161072, 0.031968, -0.986425)
(-0.514859, 0.849978, 0.111617)
(0.842007, 0.525848, -0.120448)
eigenvector unsorted = 
(-0.955651, 0.050142, 0.290201)
(0.267955, -0.260813, 0.927457)
(0.122193, 0.964086, 0.235810)
eigenvector unsorted = 
(-0.458168, 0.824133, -0.332997)
(-0.734731, -0.140296, 0.663692)
(0.500253, 0.548745, 0.669795)
eigenvector unsorted = 
(0.721302, -0.690018, -0.059991)
(0.680865, 0.722285, -0.121355)
(0.127067, 0.046688, 0.990795)
eigenvector unsorted = 
(0.967291, -0.253670, 0.000000)
(-0.193487, -0.737803, -0.646691)
(-0.164046, -0.625538, 0.762752)
eigenvector unsorted = 
(-0.675387, 0.015930, 0.737291)
(0.553452, -0.649789, 0.521023)
(0.487384, 0.759947, 0.430043)
eigenvector unsorted = 
(-0.999916, 0.011597, 0.005799)
(0.012853, 0.827804, 0.560870)
(0.001704, 0.560897, -0.827884)
eigenvector unsorted = 
(0.965267, 0.199275, 0.168963)
(0.075899, -0.832705, 0.548490)
(-0.249996, 0.516615, 0.818908)
eigenvector unsorted = 
(0.791649, 0.090542, -0.604230)
(-0.535066, 0.580163, -0.614097)
(0.294950, 0.809452, 0.507731)
eigenvector unsorted = 
(0.784565, -0.620046, 0.000000)
(-0.008347, -0.010561, 0.999909)
(0.619990, 0.784494, 0.013462)
eigenvector unsorted = 
(-0.427963, 0.828468, 0.361231)
(-0.901649, -0.363826, -0.233796)
(0.062267, 0.425759, -0.902691)
eigenvector unsorted = 
(0.995653, -0.086353, 0.034905)
(-0.080456, -0.986186, -0.144788)
(0.046925, 0.141350, -0.988847)
eigenvector unsorted = 
(0.760013, 0.649908, 0.000000)
(0.576193, -0.673810, -0.462581)
(0.300635, -0.351568, 0.886577)
eigenvector unsorted = 
(-0.695436, -0.428726, -0.576683)
(-0.615537, 0.769508, 0.170211)
(0.370788, 0.473340, -0.799040)
eigenvector unsorted = 
(-0.189696, -0.952445, -0.238461)
(-0.843495, 0.282393, -0.456914)
(0.502525, 0.114466, -0.856952)
eigenvector unsorted = 
(0.782946, 0.622089, 0.000000)
(0.066617, -0.083843, 0.994250)
(-0.618512, 0.778444, 0.107086)
eigenvector unsorted = 
(0.996927, 0.078332, 0.000000)
(0.075078, -0.955505, -0.285261)
(0.022345, -0.284385, 0.958450)
eigenvector unsorted = 
(0.996927, 0.078332, 0.000000)
(0.075078, -0.955505, -0.285261)
(0.022345, -0.284385, 0.958450)
eigenvector unsorted = 
(-0.893897, 0.360052, -0.267041)
(-0.139588, 0.342521, 0.929083)
(0.425985, 0.867780, -0.255919)
eigenvector unsorted = 
(-0.734903, -0.235439, -0.635992)
(-0.634465, 0.569913, 0.522161)
(0.239523, 0.787253, -0.568209)
eigenvector unsorted = 
(0.914766, -0.403983, 0.000000)
(-0.331619, -0.750906, 0.571112)
(0.230720, 0.522434, 0.820872)
eigenvector unsorted = 
(0.995507, 0.094687, 0.000000)
(0.093357, -0.981529, 0.166989)
(-0.015812, 0.166239, 0.985959)
eigenvector unsorted = 
(-0.713683, 0.687868, 0.132262)
(-0.330496, -0.497155, 0.802253)
(0.617599, 0.528842, 0.582149)
eigenvector unsorted = 
(-0.833049, -0.263086, -0.486636)
(-0.534056, 0.611875, 0.583432)
(0.144268, 0.745918, -0.650225)
eigenvector unsorted = 
(-0.538621, -0.607931, -0.583358)
(-0.723781, 0.688287, -0.049004)
(0.431309, 0.395829, -0.810735)
eigenvector unsorted = 
(0.947980, -0.318330, 0.000000)
(-0.214084, -0.637539, 0.740076)
(0.235588, 0.701577, 0.672523)
eigenvector unsorted = 
(0.955076, -0.296360, 0.000000)
(-0.032059, -0.103317, -0.994132)
(-0.294621, -0.949471, 0.108177)
eigenvector unsorted = 
(-0.458036, 0.814052, -0.357103)
(-0.655659, -0.038112, 0.754095)
(0.600262, 0.579541, 0.551197)
eigenvector unsorted = 
(0.917159, 0.363625, -0.163086)
(0.098125, -0.602678, -0.791929)
(0.386253, -0.710322, 0.588431)
eigenvector unsorted = 
(0.770998, 0.636838, 0.000000)
(0.273820, -0.331505, 0.902844)
(-0.574965, 0.696091, 0.429969)
eigenvector unsorted = 
(0.273996, -0.935826, -0.221710)
(-0.726316, -0.050245, -0.685522)
(0.630389, 0.348862, -0.693473)
eigenvector unsorted = 
(-0.029830, -0.967955, -0.249348)
(-0.894207, 0.137315, -0.426074)
(0.446659, 0.210258, -0.869648)
eigenvector unsorted = 
(0.763113, 0.646265, 0.000000)
(0.265721, -0.313765, -0.911561)
(0.589110, -0.695624, 0.411164)
eigenvector unsorted = 
(0.955337, -0.295519, 0.000000)
(-0.099178, -0.320616, -0.942003)
(-0.278380, -0.899930, 0.335605)
eigenvector unsorted = 
(0.892967, 0.447238, -0.050867)
(0.322934, -0.715269, -0.619761)
(0.313565, -0.537000, 0.783140)
eigenvector unsorted = 
(0.903765, -0.131590, 0.407299)
(0.119285, -0.836439, -0.534921)
(0.411071, 0.532028, -0.740248)
eigenvector unsorted = 
(-0.419122, 0.488969, -0.765014)
(-0.617962, 0.463676, 0.634923)
(0.665176, 0.738860, 0.107827)
eigenvector unsorted = 
(-0.838724, 0.367194, -0.402133)
(0.246014, 0.914303, 0.321757)
(0.485818, 0.170935, -0.857183)
eigenvector unsorted = 
(0.892819, 0.450415, 0.000000)
(0.296367, -0.587462, 0.753030)
(-0.339176, 0.672320, 0.657986)
eigenvector unsorted = 
(0.145702, -0.660210, -0.736813)
(-0.300419, 0.680068, -0.668772)
(0.942613, 0.318794, -0.099252)
eigenvector unsorted = 
(0.839805, -0.473699, 0.265210)
(0.295120, -0.011685, -0.955389)
(-0.455665, -0.880609, -0.129985)
eigenvector unsorted = 
(-0.525113, 0.522210, 0.671977)
(-0.219443, -0.845986, 0.485955)
(0.822254, 0.107721, 0.558834)
eigenvector unsorted = 
(0.936770, -0.349945, 0.000000)
(-0.344931, -0.923349, 0.168670)
(0.059025, 0.158005, 0.985673)
eigenvector unsorted = 
(0.928820, -0.370531, 0.000000)
(-0.284871, -0.714094, -0.639468)
(-0.236942, -0.593951, 0.768818)
eigenvector unsorted = 
(-0.595249, -0.539509, -0.595490)
(-0.754492, 0.630217, 0.183215)
(0.276442, 0.558351, -0.782191)
eigenvector unsorted = 
(0.834749, 0.550631, 0.000000)
(0.533998, -0.809534, 0.243928)
(-0.134314, 0.203619, 0.969793)
eigenvector unsorted = 
(0.968282, 0.249860, 0.000000)
(0.096630, -0.374472, 0.922190)
(-0.230418, 0.892939, 0.386738)
eigenvector unsorted = 
(0.884909, -0.393073, 0.249860)
(-0.286051, -0.882012, -0.374472)
(-0.367574, -0.259901, 0.892939)
eigenvector unsorted = 
(0.627565, 0.040507, -0.777509)
(-0.770975, 0.171430, -0.613360)
(0.108443, 0.984363, 0.138813)
eigenvector unsorted = 
(0.729700, -0.683768, 0.000000)
(-0.451697, -0.482040, 0.750738)
(0.513330, 0.547814, 0.660600)
eigenvector unsorted = 
(0.508458, -0.437094, 0.741903)
(0.856553, 0.168438, -0.487797)
(0.088249, 0.883503, 0.460038)
eigenvector unsorted = 
(-0.703552, 0.710541, -0.012089)
(-0.502081, -0.484960, 0.716050)
(0.502920, 0.509848, 0.697944)
eigenvector unsorted = 
(-0.290477, -0.676676, -0.676560)
(-0.686789, 0.639761, -0.345002)
(0.666291, 0.364439, -0.650569)
eigenvector unsorted = 
(-0.811722, 0.576570, -0.093135)
(0.223241, 0.453653, 0.862764)
(0.539695, 0.679533, -0.496954)
eigenvector unsorted = 
(0.743316, -0.668941, 0.000000)
(-0.661584, -0.735141, 0.147903)
(0.098938, 0.109938, 0.989002)
eigenvector unsorted = 
(-0.278258, 0.414293, -0.866564)
(0.071773, 0.908641, 0.411363)
(0.957821, 0.052269, -0.282572)
eigenvector unsorted = 
(-0.171942, 0.655618, 0.735256)
(0.881535, -0.230736, 0.411894)
(0.439695, 0.718976, -0.538277)
eigenvector unsorted = 
(0.189445, 0.443958, 0.875792)
(0.848672, -0.522627, 0.081352)
(0.493829, 0.727848, -0.475784)
eigenvector unsorted = 
(0.623189, 0.663735, -0.413632)
(0.695622, -0.712140, -0.094693)
(0.357415, 0.228720, 0.905506)
eigenvector unsorted = 
(0.747968, 0.663735, 0.000000)
(0.631942, -0.712140, 0.305789)
(-0.202963, 0.228720, 0.952099)
eigenvector unsorted = 
(0.918431, 0.395580, 0.000000)
(0.392491, -0.911260, -0.124722)
(0.049338, -0.114549, 0.992192)
eigenvector unsorted = 
(-0.533635, 0.051336, 0.844155)
(0.813449, -0.241926, 0.528936)
(0.231377, 0.968936, 0.087341)
eigenvector unsorted = 
(-0.636342, 0.671836, 0.379085)
(0.481289, -0.038269, 0.875726)
(0.602851, 0.739711, -0.298995)
eigenvector unsorted = 
(-0.266478, -0.178582, -0.947153)
(-0.469946, 0.882037, -0.034087)
(0.841511, 0.436028, -0.318967)
eigenvector unsorted = 
(0.964949, 0.262439, 0.000000)
(0.181262, -0.666476, 0.723156)
(-0.189784, 0.697808, 0.690685)
eigenvector unsorted = 
(0.922937, 0.281625, 0.262439)
(0.384427, -0.638769, -0.666476)
(0.020058, -0.716004, 0.697808)
eigenvector unsorted = 
(0.704193, -0.650176, -0.285279)
(0.011536, 0.412221, -0.911011)
(0.709915, 0.638236, 0.297783)
eigenvector unsorted = 
(0.928211, 0.355431, 0.109971)
(-0.084576, -0.086266, 0.992676)
(-0.362314, 0.930713, 0.050012)
eigenvector unsorted = 
(0.650231, -0.680631, -0.337552)
(-0.600632, -0.188461, -0.776997)
(0.465233, 0.707971, -0.531352)
eigenvector unsorted = 
(-0.504225, 0.613202, -0.608063)
(0.010654, -0.699655, -0.714402)
(0.863507, 0.366698, -0.346250)
eigenvector unsorted = 
(0.999680, 0.018918, -0.016789)
(0.015510, -0.982819, -0.183918)
(0.019980, -0.183599, 0.982798)
eigenvector unsorted = 
(0.583337, -0.701931, -0.408669)
(0.361118, 0.674813, -0.643600)
(0.727539, 0.227858, 0.647123)
eigenvector unsorted = 
(0.902394, -0.430913, 0.000000)
(-0.289523, -0.606304, -0.740656)
(-0.319158, -0.668364, 0.671884)
eigenvector unsorted = 
(0.574299, -0.372320, 0.729081)
(0.629197, -0.369011, -0.684063)
(0.523729, 0.851592, 0.022340)
eigenvector unsorted = 
(-0.325225, 0.784805, 0.527550)
(0.862418, 0.017319, 0.505901)
(0.387897, 0.619501, -0.682462)
eigenvector unsorted = 
(0.913726, -0.406331, 0.000000)
(-0.221667, -0.498468, 0.838089)
(0.340541, 0.765784, 0.545533)
eigenvector unsorted = 
(-0.314460, -0.903791, 0.290304)
(0.789345, -0.418832, -0.448904)
(0.527304, 0.087988, 0.845109)
eigenvector unsorted = 
(-0.045052, -0.594373, -0.802926)
(-0.714680, 0.580758, -0.389811)
(0.697999, 0.556274, -0.450951)
eigenvector unsorted = 
(-0.420578, 0.901038, -0.106040)
(-0.853545, -0.353348, 0.382892)
(0.307531, 0.251547, 0.917687)
eigenvector unsorted = 
(-0.665053, 0.730079, 0.157131)
(0.587391, 0.381453, 0.713769)
(0.461169, 0.566991, -0.682528)
eigenvector unsorted = 
(0.989311, 0.136266, 0.051921)
(-0.007218, 0.401379, -0.915884)
(0.145643, -0.905719, -0.398072)
eigenvector unsorted = 
(-0.408016, 0.744410, 0.528562)
(0.586218, -0.230219, 0.776755)
(0.699909, 0.626780, -0.342453)
eigenvector unsorted = 
(-0.739619, 0.645271, 0.191283)
(-0.040184, -0.326046, 0.944500)
(0.671825, 0.690884, 0.267079)
eigenvector unsorted = 
(-0.586008, -0.374983, 0.718319)
(0.670849, -0.721723, 0.170522)
(0.454484, 0.581811, 0.674492)
eigenvector unsorted = 
(0.998924, -0.046382, 0.000000)
(-0.018629, -0.401216, -0.915794)
(-0.042476, -0.914808, 0.401648)
eigenvector unsorted = 
(-0.488072, -0.222918, 0.843856)
(0.457808, -0.888543, 0.030066)
(0.743100, 0.400999, 0.535726)
eigenvector unsorted = 
(0.755121, -0.655585, 0.000000)
(-0.145827, -0.167968, 0.974947)
(0.639161, 0.736203, 0.222438)
eigenvector unsorted = 
(0.914710, 0.404112, 0.000000)
